House:
1172.616,-1323.373,15.403,1934.16,-1525.9575,499.19,1,State,Hospital,1,1,-1,0,0,0.0,0.0,0.0,0,0,0,0,0,0
2347.8733,-1047.1437,53.8432,1.7654,-3.1101,999.4284,2,na,Caravan,0,1000,-1,1,0,0.0,0.0,0.0,0,0,0,0,0,0
-75.9778,-1580.9985,3.4375,1.7654,-3.1101,999.4284,2,na,Caravan,0,1000,-1,1,0,0.0,0.0,0.0,0,0,0,0,0,0
2192.394042,-1814.880737,13.546895,243.717498,304.961395,999.148376,1,na,Motel,0,3000,-1,1,0,0.0,0.0,0.0,0,0,0,0,0,0
2185.802490,-1814.880737,13.546896,243.717498,304.961395,999.148376,1,na,Motel,0,3000,-1,1,0,0.0,0.0,0.0,0,0,0,0,0,0
2176.278808,-1814.880737,13.546897,243.717498,304.961395,999.148376,1,na,Motel,0,3000,-1,1,0,0.0,0.0,0.0,0,0,0,0,0,0
992.6141,-1817.6292,13.8941,266.7551,305.0124,999.1484,2,na,Apartment,0,8000,-1,1,0,0.0,0.0,0.0,0,0,0,0,0,0
980.9091,-1814.8113,13.8888,266.7551,305.0124,999.1484,2,na,Apartment,0,8000,-1,1,0,0.0,0.0,0.0,0,0,0,0,0,0
2068.3977,-1588.8356,13.4908,299.8377,310.1983,1003.3047,4,na,Basement,0,10000,-1,1,0,0.0,0.0,0.0,0,0,0,0,0,0
2076.1409,-1588.4302,13.4909,299.8377,310.1983,1003.3047,4,na,Basement,0,10000,-1,1,0,0.0,0.0,0.0,0,0,0,0,0,0
2065.4043,-1583.4457,13.4813,299.8377,310.1983,1003.3047,4,na,Basement,0,10000,-1,1,0,0.0,0.0,0.0,0,0,0,0,0,0
2232.5791,-1785.7175,13.5601,2283,-1140,1050.9,11,na,Social housing,0,12000,-1,1,0,0.0,0.0,0.0,0,0,0,0,0,0
1877.5692,-2000.9053,13.5469,2283,-1140,1050.9,11,na,Social housing,0,12000,-1,1,0,0.0,0.0,0.0,0,0,0,0,0,0
2333.5215,-1943.4183,14.9688,2283,-1140,1050.9,11,na,Social housing,0,12000,-1,1,0,0.0,0.0,0.0,0,0,0,0,0,0
2015.3479,-1732.6138,14.2344,223.1326,1287.0762,1082.1406,1,na,Low class,0,20000,-1,1,0,0.0,0.0,0.0,0,0,0,0,0,0
2016.2007,-1717.0048,14.1250,223.1326,1287.0762,1082.1406,1,na,Low class,0,20000,-1,1,0,0.0,0.0,0.0,0,0,0,0,0,0
2018.2432,-1703.2915,14.2344,223.1326,1287.0762,1082.1406,1,na,Low class,0,20000,-1,1,0,0.0,0.0,0.0,0,0,0,0,0,0
2470.0471,-1295.4886,30.2332,223.1326,1287.0762,1082.1406,1,na,Low class,0,20000,-1,1,0,0.0,0.0,0.0,0,0,0,0,0,0
2495.3472,-1691.1401,14.7656,2495.9795,-1692.0850,1014.7422,3,na,Middle class,0,40000,-1,1,0,0.0,0.0,0.0,0,0,0,0,0,0
791.4587,-1753.3368,13.4575,2365.2146,-1135.5975,1050.8826,8,na,Detached,0,50000,-1,1,0,0.0,0.0,0.0,0,0,0,0,0,0
1497.0482,-687.8921,95.5633,2324.3562,-1149.4403,1050.7101,12,na,Mansion,0,90000,-1,1,0,0.0,0.0,0.0,0,0,0,0,0,0

Business:
1554.9537,-1675.6584,16.1953,246.7717,62.8636,1003.6406,6,State,Police Station,1,1,0,0,0,0
1833.4407,-1842.6156,13.5781,-30.955900,-91.646499,1003.546875,18,na,Unity 24/7,0,2500,0,1,100,0
1186.5122,-1474.3986,13.5469,-30.955900,-91.646499,1003.546875,18,na,Chinatown 24/7,0,5000,0,1,100,0
2229.5447,-1721.6458,13.5649,772.5087,-5.2664,1000.7291,5,na,Ganton Gym,0,10000,0,2,100,0
2309.8584,-1643.7063,14.8270,501.870788,-67.582000,998.757812,11,na,Ten Green Bottles,0,20000,0,3,100,0
2105.2759,-1806.5032,13.5547,372.3718,-133.5241,1001.4922,5,na,Idlewood Pizzeria,0,30000,0,4,100,0
1667.4076,-1558.6969,13.5469,169.419,-192.016,-11.757,1,na,Commerce Florist,0,40000,0,5,100,0
1186.6104,-1444.0631,13.5115,169.419,-192.016,-11.757,1,na,Chinatown Florist,0,40000,0,5,100,0
2244.3794,-1665.2310,15.4766,207.6112,-110.7745,1005.1328,15,na,Ganton Binco,0,50000,0,6,100,0
1186.5773,-1454.3035,13.5469,226.293991,-7.431529,1002.210937,5,na,Chinatown Clothes,0,50000,0,6,100,0
2766.3086,-1606.3143,10.9219,620.1544,-70.9000,997.9922,2,na,East Beach Workshop,0,70000,0,7,100,0
2452.8088,-1513.9487,24.0000,620.1544,-70.9000,997.9922,2,na,East LS Workshop,0,70000,0,7,100,0
1702.9153,-1469.6606,13.5469,620.1544,-70.9000,997.9922,2,na,Commerce Workshop,0,70000,0,7,100,0
2741.0283,-2003.7444,13.5472,620.1544,-70.9000,997.9922,2,na,Seville Workshop,0,70000,0,7,100,0
2445.4990,-1758.6775,13.5924,620.1544,-70.9000,997.9922,2,na,Ganton Workshop,0,70000,0,7,100,0
1186.6378,-1433.8911,13.4604,-2158.6294,643.0300,1052.3750,1,na,Chinatown Bets,0,80000,0,8,100,0
1631.8263,-1172.6288,24.0843,834.2676,7.3777,1004.1870,3,na,Mulholland Bets,0,80000,0,8,100,0
1929.2466,-1776.2284,13.5469,-2240.468,137.06,1035.414,6,na,Idlewood Gas,0,90000,0,9,100,0
1368.5737,-1279.8090,13.5469,285.3812,-41.6133,1001.5156,1,na,Market Ammu-Nation,0,200000,0,10,100,0

Vehicle:
0,LS 51,0,0.0,0.0,0.0,0.0,0,0,na,0,5,0,1,1,0,0,0
0,LS 52,0,0.0,0.0,0.0,0.0,0,0,na,0,5,0,1,1,0,0,0
0,LS 53,0,0.0,0.0,0.0,0.0,0,0,na,0,5,0,1,1,0,0,0
0,LS 54,0,0.0,0.0,0.0,0.0,0,0,na,0,5,0,1,1,0,0,0
0,LS 55,0,0.0,0.0,0.0,0.0,0,0,na,0,5,0,1,1,0,0,0
0,LS 56,0,0.0,0.0,0.0,0.0,0,0,na,0,5,0,1,1,0,0,0
0,LS 57,0,0.0,0.0,0.0,0.0,0,0,na,0,5,0,1,1,0,0,0
0,LS 58,0,0.0,0.0,0.0,0.0,0,0,na,0,5,0,1,1,0,0,0
0,LS 59,0,0.0,0.0,0.0,0.0,0,0,na,0,5,0,1,1,0,0,0
0,LS 60,0,0.0,0.0,0.0,0.0,0,0,na,0,5,0,1,1,0,0,0
0,LS 61,0,0.0,0.0,0.0,0.0,0,0,na,0,5,0,1,1,0,0,0
0,LS 62,0,0.0,0.0,0.0,0.0,0,0,na,0,5,0,1,1,0,0,0
0,LS 63,0,0.0,0.0,0.0,0.0,0,0,na,0,5,0,1,1,0,0,0
0,LS 64,0,0.0,0.0,0.0,0.0,0,0,na,0,5,0,1,1,0,0,0
0,LS 65,0,0.0,0.0,0.0,0.0,0,0,na,0,5,0,1,1,0,0,0
0,LS 66,0,0.0,0.0,0.0,0.0,0,0,na,0,5,0,1,1,0,0,0
0,LS 67,0,0.0,0.0,0.0,0.0,0,0,na,0,5,0,1,1,0,0,0
0,LS 68,0,0.0,0.0,0.0,0.0,0,0,na,0,5,0,1,1,0,0,0
0,LS 69,0,0.0,0.0,0.0,0.0,0,0,na,0,5,0,1,1,0,0,0
0,LS 70,0,0.0,0.0,0.0,0.0,0,0,na,0,5,0,1,1,0,0,0
0,LS 71,0,0.0,0.0,0.0,0.0,0,0,na,0,5,0,1,1,0,0,0
0,LS 72,0,0.0,0.0,0.0,0.0,0,0,na,0,5,0,1,1,0,0,0
0,LS 73,0,0.0,0.0,0.0,0.0,0,0,na,0,5,0,1,1,0,0,0
0,LS 74,0,0.0,0.0,0.0,0.0,0,0,na,0,5,0,1,1,0,0,0
0,LS 75,0,0.0,0.0,0.0,0.0,0,0,na,0,5,0,1,1,0,0,0
0,LS 76,0,0.0,0.0,0.0,0.0,0,0,na,0,5,0,1,1,0,0,0
0,LS 77,0,0.0,0.0,0.0,0.0,0,0,na,0,5,0,1,1,0,0,0
0,LS 78,0,0.0,0.0,0.0,0.0,0,0,na,0,5,0,1,1,0,0,0
0,LS 79,0,0.0,0.0,0.0,0.0,0,0,na,0,5,0,1,1,0,0,0
0,LS 80,0,0.0,0.0,0.0,0.0,0,0,na,0,5,0,1,1,0,0,0